100035760
100136252
10046422
100802690
1008095316
10088102
101071423
10119722
10129972
101304347
1014567630
101645976
10192452
101960704
10200262
10209742
102100430
102142142
102200376
10224652
1024947956
102561659
10279412
102806341
103114718
1031761969
1031944087
1033424946
103750901
103932985
1042647775
104282122
104313256
104381372
10441362
104902339
105020914
105170669
105280541
105504484
105530526
1057896018
1058093635
1058651742
106142992
106219550
10628142
106300474
106513390
1065323580
106535653
10672402
10725122
107484294
107631464
107770718
107805321
107854708
10828932
108369378
108527890
10861172
108968762
109027667
109083263
10909142
10913042
1092700057
109608302
109613064
109621617
109755545
1098573000
109933758
109991061
11010622
11016412
1101931087
11032262
1104394333
110480682
1104947582
1105875901
110594270
110750123
111098433
111138698
111152521
1111705285
1113171
1115150592
111651086
11182392
1120585722
11217352
1124926944
112528185
1128440924
113243545
113395743
1135454882
1135921448
1136130536
11369702
1138123734
1139893754
11403462
1140451
1141594772
1142941
11437862
114533885
114568557
1145952974
11492082
114971521
115063037
115151102
11518572
1152572984
1154623939
116038162
116071626
11617432
116205344
1162620122
116493280
116561538
1167666618
116830375
1169321744
117004374
1173431
117506064
117595728
1176014173
1177047362
117836437
118213068
118496015
118514500
118739671
1190966953
119368827
119438275
119609619
1197830070
119902519
1201186872
120161415
1202585773
120484650
121965107
1219812626
1226829734
123053922
123074554
1235778236
1236775772
123971317
123990556
124186068
124207682
1245106813
124556472
1246431894
1246793064
124992121
125301562
1253761873
125378707
12542952
125726857
125772974
12611642
126189374
1262544618
12627132
1262790266
1263414271
1264487023
1265520697
126578626
12692672
12699772
1270014830
127104683
127134223
127710547
12772092
128217935
12841202
1284346260
128622398
128717738
12895822
12913902
12919072
129688644
129900987
130213946
130241111
13027572
130372749
1305940272
130644187
130650278
1307820626
130803295
130854883
1309010982
130920343
13124352
131278401
131732763
1317675848
13202212
1320453043
13210402
132261860
1322926080
1323816074
1324995342
133038056
133245413
133372581
1335135524
1335198656
133580965
1337202924
1337362374
13373932
134132113
13418892
134203733
1342881751
1345946551
13483732
13486
134943612
1350192474
136041145
1360811516
1363652774
136968746
1371790790
137429633
137465077
1376124475
137623241
13771392
13773872
138797934
1390423160
13914392
139704996
1398261
14054448
14056365
140612457
14063566
14065775
14067468
14075441
14087008
14092380
14093414
140959681
14104847
14105083
14107603
14110325
14111434
14114725
14118775
14121628
14124289
14135039
141352426
14142040
14157394
14161419
1416212642
1416394286
14174897
14178648
1418251
14182821
14185417
14186638
14193204
14195463
14207040
14208757
14216557
14220964
14222340
14238738
1424128520
14241390
14247442
14249445
14249452
14253503
142557458
14263288
14269962
14286183
14288890
14290339
142947296
143011147
14304173
1431126888
14313383
14316789
14325709
14338766
14352430
1435548554
143592749
14370184
143728494
143784646
14398980
14404413
14404429
1441253784
14420872
14424892
144303188
144308068
1444531010
14445775
14456914
14463418
1446897523
1447641
14477850
144873800
144892029
1449182713
144918396
14500345
14504451
14518666
14522630
14526004
145323632
145330769
14544819
145460854
14549208
145560173
14579415
14592049
14595881
14604269
1461347160
14614705
14616690
14621493
14622946
14630852
14632278
1464545792
146482044
1465814558
14659182
146772580
1467891620
14688124
14702746
1470274783
14717846
147294687
14729674
147332634
1473626941
14738568
147511185
14763983
14772590
147758495
1479121
14799178
148104970
148125292
14813068
14828617
14833643
14835425
148398537
14840757
14847675
14869810
14882090
1488584898
14889194
148937129
14904688
14911286
14925432
149459951
1494655406
14962805
1498855561
149893383
14995034
1500532140
150106478
15020401
1502437556
1503475879
15060738
15065201
15070454
150752706
15078400
150789791
150812624
15084888
15092791
15097889
151083037
1511433534
151180545
15135244
15135354
15136825
151553777
15158003
151585245
15159669
15161638
15181219
15181256
15182139
15212909
15216569
152389650
1525342994
1527625094
15313098
153151306
15318467
15323504
15326343
15330301
15345359
15346798
1535090815
153550926
15361570
15370528
15370553
15384731
153849038
15388148
15399350
1541554333
1542629491
154263592
15439572
154613781
15465796
15484063
15492507
1549674630
155082928
155106968
15518019
155219478
155398825
1555061214
1555265425
1556122478
155628933
15584852
15602141
156031097
15618137
156322119
15633969
15634127
156351109
156379080
15645643
15665482
1569208795
156930731
15724452
15729066
15738138
15740084
15751875
15784609
15792969
158033869
1581276074
15817979
15823641
15847059
158482773
15860068
15865896
15869364
1587648798
15885590
15893738
15905608
15909478
15923189
159272831
15932697
159356226
1593615168
15937898
1597424371
159849348
15996752
15997456
160032821
16018961
16020796
160246766
1605064110
1605247082
16095025
16102007
16112329
16121039
16131037
16132066
16133586
16162978
161710334
16172816
1618305902
16193216
16195791
16203586
16204483
1620886764
1621220348
1621733510
16227325
16240558
16282560
16313592
1633057740
163407287
163595125
163625176
1636515062
1636704824
163729878
163999320
1640134892
16402663
164055753
164130353
16419323
16440035
16441758
1645877065
16466353
16468500
16479943
16491040
16492344
16495397
16500498
1650684756
16510775
1651224955
16517706
1653930984
16546913
16547142
16560379
16561212
16562200
16563166
16565628
16566994
1657316904
16583846
16587559
16593932
165948314
16606208
16608649
166102191
16613227
16620971
16629994
166319537
16638708
16644103
166463963
16653851
16686530
167059050
167243609
16731918
167346791
16740346
16745947
1674919843
167555564
1675727534
1677006018
16809160
16810985
1682326044
16831899
1683377312
16840749
168532759
1688889350
168922339
1689292764
16893612
16899568
169188967
169200555
16927718
169352705
16954663
16958875
16968240
16973213
170062661
17016591
17027073
17028576
170444161
170447401
1704585511
1705726250
17079099
17091682
17093617
170977392
171072349
1711802612
17141620
171521360
17161587
17181268
171816811
171827285
171864772
17200003
17212704
172388861
172407147
17243750
17259201
17271117
1728963602
17290339
1730035190
1733264245
17347849
1735163995
1736508523
173945754
174279917
174287388
174363444
174372602
174657031
1747401553
17491445
17501014
17508330
17513031
175187944
17541565
175869187
17639925
17643658
176513750
176540776
17662366
176816005
177078313
17721177
17723298
17748026
17773853
17783041
17786104
17787007
178157297
17817361
17828777
17841268
178449195
17846958
178537877
17890015
17908809
17915280
179225984
179646105
17970051
179708298
17991939
17993716
18011472
18013387
18020212
18036280
18060430
180706419
18090086
180952639
18129188
18148527
18177223
18193263
18204430
182048638
18220106
182272991
18243641
182546030
182559614
18271011
182711162
183758233
18393495
18398051
184002770
18403046
184241690
184249800
18425654
184391585
184543773
18481673
18486038
1849106906
184916555
1849621796
18497829
1850484768
18518601
185322284
185411247
18549481
18559708
1858130670
1860650810
18608036
1861020668
1862351
18623661
1862439649
18625698
18640668
18648358
186946628
18695655
18703111
187257335
18754766
18755179
18757307
18761584
1876503085
1877565270
1877896046
18780225
187862419
18788629
18799499
1880526858
188131343
18831358
188500896
18851248
188519315
18857479
1887776006
188853713
189012139
189020152
18907386
189094349
18914066
18931823
18945484
18949610
1895019655
18951280
18955374
18958303
18964016
18990612
18991369
189918436
18994041
189996459
190021764
1901617196
19028249
190364863
190379379
190454130
1905348541
19073790
190891190
19102884
19124313
191263072
191461969
1914661783
191610496
191881317
19203768
19239673
19240439
19242166
19244737
192540894
192677115
192860697
1929161
19301681
19304217
193058826
19307669
19343385
19371845
19396844
19411733
19440352
194579890
1947734815
194816967
19489341
1950872168
195099878
19517509
195184736
19528427
19560605
195742792
1957458986
19602299
196293428
19643222
19664267
19681900
19682547
1968678240
196929409
1970767632
197370637
19746393
19774652
197748322
197818692
197864821
1978859582
197963816
198771227
198908604
19895666
199021634
199373219
199414707
199418313
199774657
19979252
199859335
20023537
200611750
20076186
20114406
201530464
201628562
201629134
202028329
2025101
202619265
20266411
20322681
20334773
203641140
203753776
204055950
20424319
20432953
204447791
20449367
204750852
20476798
20508214
20510068
205128360
20519279
20520190
20522288
205259737
205277586
205359919
205360168
205360354
20541341
20546242
20546557
20552026
205594647
20571423
20573283
20576602
205808564
205898168
206318580
20642645
206682910
20707999
20710088
20712970
20745730
20749408
207605713
207642908
20779271
20787159
20801787
208174510
208214002
20827869
20857563
208591186
208603838
208661236
208743312
208789178
209168612
209232713
20939204
20963651
20964111
20993209
210271992
210629559
210684204
2107571
21092240
21102601
21116781
21120837
211208938
211621417
21166130
211772557
212021513
21216071
21218554
212258561
212338852
21240991
21257458
21308466
21314469
2131611
213197687
213320496
213351208
21343176
213530720
213716853
21373526
213864163
213981725
21425450
214272214
214375083
21456614
214645964
214699642
2149053560
215036091
215221022
2152778630
21540436
2157209332
2157342139
215808690
215822029
2159848836
216042017
216112529
21613337
21673555
2167421661
2168215508
21690816
216990529
217090540
2171225479
21713505
2174619534
2175244392
2175416054
2176358690
2178348182
21792962
2179895920
2180569838
21809222
21828867
2183231114
2185106238
2185463684
21867405
21872782
218966082
219045313
21908873
219362348
219426401
219458687
2197375387
2200479902
2201716106
220233879
2204224297
220430707
22051483
22057037
2205921
2205976656
22059922
220680843
2209461883
221131215
221201413
221476923
221670039
221704824
2217687841
22178537
221792543
2218685317
221873535
221938834
222230117
222342676
22256645
2228544961
223179295
22322032
223268896
223269854
22328142
2233059326
2235119491
223539331
223592107
2237367701
223893290
22389970
2239373863
224019635
224378160
224378515
224418500
2244994945
224785380
2249227634
225067516
225137255
22527743
22529911
2258226686
2259125179
2260150651
226070573
226334380
22659609
226645642
227050495
227055892
22726736
22731905
2276985766
2277530600
227827890
22804909
2281279532
228202497
2285240748
228801089
2288720036
22888677
228925627
22899858
22902732
22922864
2292356777
2293776739
2294149998
2295092294
229523
22957651
229608463
22965779
2296631707
229690498
229750600
2297676602
230098046
230244082
23027938
2306579816
2307462081
2307675307
23081573
23085343
2312225988
231490090
231513527
2315838410
2316703898
2319064027
2320773038
2321264102
23221109
232400826
232455886
232683533
2327091247
23288057
2329101175
2330710330
23330757
2334394580
2335907222
2335964803
233620364
2336729530
2337369206
2338816418
2338948579
23407929
2340989497
234116222
2343198944
234455988
2344859797
234490460
2345651
234657229
235052368
2351858767
23523753
235263625
23534213
235618432
235649347
23571020
235822432
2358975933
235901655
2360882965
23641922
23656337
2366371454
236637688
236699848
2367628386
2370495894
237079697
237124604
237254045
2373009583
237330000
237534921
237597245
237738099
237945663
2382366097
2382763597
238299103
2385674347
238661585
23881072
2390137219
2391346015
2392618801
2395940738
2396437530
239673235
2397317804
239867889
239937339
2400643880
240267766
240308956
240455986
2405059075
24051398
2406751364
240723622
24083751
2408900384
24096463
2410173569
241079136
24115922
241194011
2413040138
2416206236
24167021
24200201
242115206
24228154
242374061
2424285702
24275193
243570523
243693485
2437421216
2437916851
2439818753
24416813
244199680
244259581
244991150
245178953
245254020
245272138
245311809
2454715070
24566098
24567812
24568531
245851959
2458587186
2459744137
245993269
246061886
246072122
246083203
246127221
2463528836
24636302
246376400
246499407
246588952
24663013
2466742056
2467066501
246733213
2467790713
246964473
247135296
24733117
24736901
2474124842
2474665615
247578734
24765055
247781594
247893569
2478975128
2482322670
2482783004
248507370
2485729651
248651245
24892306
24898720
249022028
249120466
24938703
24939473
24990691
24998062
2502437678
250287517
25034774
250438616
250719342
2507638548
25112405
2511334092
251247618
2514007962
251536114
251609632
25165065
251730482
2517782641
2521306406
2523606727
252663120
252689137
2528164532
2528430601
252925425
252999945
253004627
2530524727
253175613
253207647
253282342
2533081248
253668928
253711441
2542812116
2547320401
2547543840
2548436648
255213611
25542458
25548253
255565405
255627525
255672582
2557291584
25582760
255832172
256101102
256203095
2563469347
25643201
2564429324
256573686
2566358196
25696968
257150435
2573521763
257513026
257671059
2582865140
25839294
258400748
2584475923
258628572
258669065
2589844891
259008726
2590367736
2592016867
259405983
259495409
259674489
259841086
2598911
259911431
25993310
259972535
260116688
260119420
2602195916
260473496
260803483
261095594
2613261414
26157070
26160198
261824663
261952641
261968168
262156988
26236744
26249682
26255084
26262944
262884911
262900761
263052644
2635664806
26366875
26391446
263977882
2640147088
26412800
2646520322
264850782
2648749436
264927892
265480882
265610739
26594410
26609772
26635745
2665601
266762269
267079456
2671028978
267171727
267174701
267256091
267390486
267425302
2674808767
267978027
268134716
268442948
26930822
269390145
2696189035
2696472218
270017619
27020339
27039884
27044209
2704577562
2704878090
2707099338
27113047
2712662635
271543291
2717761
27249544
27249929
272564516
2725663056
2727184616
2728946784
2729179244
2730017576
273211603
2732828079
274151503
2745341114
274712149
2752696741
27546319
275492728
275528250
275572129
27558636
2759062400
2764534021
2765842951
27661280
2768778024
2768966262
277586483
27763390
2777103822
2787143400
2789195702
279065518
279172748
279349005
27963917
27965660
27967896
279687071
279713637
2798373536
280088365
2802756242
280319660
280586684
280607792
280610764
280693429
280795938
280847315
2812806481
281413217
281532746
2818588772
282168978
282391795
28285926
283203520
2832519378
2834890306
2835577258
28357827
283701763
2838962553
284155407
284377063
284383088
284718050
2849151464
2849158170
28496167
2850684228
285231116
285620321
2856213619
2858262812
28592775
286216955
286329956
286352949
286371729
2864395163
28658775
286702037
286766706
28695683
28713040
287533200
287965778
2882869255
2885619190
288766767
288835142
2889089990
2889244030
2891423524
2892290399
28932982
28937548
289550326
2896731481
289724189
2899307236
2905224677
2905248879
290537511
2905520937
2906054507
290615540
29107209
2911496764
2913854553
2914302584
291798946
292302015
2923689403
2924848159
292522235
2926594259
2929506926
293094031
2932673498
2933968603
29357701
293645988
2938216814
2941331157
294161834
2945940359
294823261
29499583
29500709
2950704844
295143338
2951526360
2952426258
29526276
295441810
2955568979
29613873
2964584867
2975725181
29767584
297788421
2981337146
2981431
29853287
298551966
298638291
298715745
298899556
299188341
2993274100
2994840974
299518326
2995232172
2997635012
299853963
2999201262
3000741953
30008429
3003400612
300389989
300875983
3010908809
3011761969
3018841323
3019681329
302471401
3025009132
302577758
3026107070
3026946125
30269531
302909473
30314992
3032201282
3033970941
3034698077
3035266795
303625814
3037273274
3038270814
304147453
3042091320
3043668994
304489916
305156688
30522346
305254697
305459531
305880207
3066841145
306977423
3070227176
3070295959
3071013059
30719596
3075470880
307879075
3079875269
3080213001
308226281
308237490
30849056
3087650653
308791121
3089038623
309211400
3092553416
3094721181
3094987877
3097357427
3098766341
3099412982
309989273
3100230334
310394408
3105053798
310616113
3106301221
31128285
3119435352
3119803632
312190802
31221705
312219977
3123761823
31256717
31300038
3131680294
3131863884
313285713
313301347
31336151
3134795448
313694391
3138574784
3139240146
314085817
31412515
314486076
31479442
314844538
31493279
3151589309
3151754664
31526497
3158019872
3160195080
316181803
3163055411
3165454144
316692309
3167061281
3167735132
3167772427
3171378492
317508756
3175401513
3175753940
3176749751
3178192822
317969835
31805620
3183721
31869908
31899945
3190032900
319093046
3192402548
3196587252
320246126
32090130
32094010
320962032
321147235
321164722
321491195
32153995
321643605
321666686
321783243
3219018920
3225511
322844006
322906792
3230690959
3233351260
323616054
3236565574
323910532
324049844
324416247
3245339241
3246388663
3255699660
325675516
325776066
3261192462
326205563
326245910
32629751
32658107
326765390
3279034142
3281418701
3293147067
329803936
32982252
32983170
329892351
3300643227
33021828
330740367
330857776
331186176
331190918
331212345
33144167
331659804
331826791
332280139
332395738
3331136669
33370227
3337441
33406542
3344508016
33518345
335315553
335581378
33594340
33676675
337371813
337716213
337716648
337815486
337816709
339250738
339299822
339890251
340095020
340242672
34030287
340421102
340611224
341201807
342105615
342379210
34270918
34272864
342845547
34314009
343523675
343528629
343994037
34451899
34494124
345094441
345160608
345573930
34572563
34573712
34601770
346333113
34687493
34731203
347331871
347391959
347602644
34819751
348294615
34861826
348859972
34944596
350251184
350310519
35067659
35197238
352451627
352554499
352729247
353317531
35375768
35376503
354398973
355016568
355067682
35546882
3554721
35548993
355535460
355752488
356234014
356371694
35704105
357375492
358397064
358424624
35854297
35857989
35865237
35930056
359664985
360097818
36012050
361019407
36102105
361378919
36190699
361970162
362035555
36258320
36306723
363178296
363507044
36370775
3637891
36409752
36411238
364690364
364996153
365949960
366276122
366638467
367080962
367180086
367230326
367240657
367693
36801473
36891170
369086848
369245823
36953287
36960454
36977002
370018809
37010284
37030214
37036334
370491825
370492877
370503879
37172713
372060239
37263734
372880287
37320657
373406315
37364014
374039791
374192630
374272759
3743621
374619697
376288940
37631788
376374503
376618837
37676258
377018652
377465366
377491711
37763568
37806465
378312867
378339865
37836873
37938822
379469669
380612324
381185821
381746032
38188068
38199764
382127671
38215308
382313051
38240763
383381614
38382893
384149681
384159729
384650167
38466284
384932732
38502777
38502892
385095099
385195745
38524637
385248119
38533053
38578985
386035729
386063949
38769464
388476149
388517375
388536456
38875338
388838377
388990053
389233725
390284285
39048008
390905408
39114449
391638510
39239791
393317650
393819809
39408199
394268535
394534362
3946301
39465431
394816755
395447939
395567768
395629947
396865561
39696132
397391724
39813666
399458342
40063676
40276338
40284074
403070695
405208939
405258290
405380241
405810170
405967905
40608230
406541064
406928889
407179857
407376090
407565931
407766444
407999864
408623049
40880151
409542079
40968961
410103860
410539808
411193206
41125108
41162766
41175010
41204968
41226304
413239583
41400882
41407875
41654311
416553025
417492383
417837433
41860502
418799213
41933186
419639256
41986058
420117089
421336284
422165121
423477279
425475075
426987622
427032343
428700788
42884936
429209404
429513910
429800217
431075304
431114910
431191564
431651687
43170560
43186378
43194865
432943950
43356293
43370652
43406369
43570256
436143123
436145822
43652382
43656793
4366051
437060513
4380901
438149303
438476435
438485111
438595251
438766249
438777477
43887434
439174042
439433956
439871945
44092291
441445921
44180817
443438052
44405998
44427667
44552918
44630975
446369516
44690011
449265699
45054905
450740565
452521774
453119983
453348275
45338274
454306362
454484422
45547359
45614792
456821922
456885886
457015092
45747766
45756611
4575681
45862367
459402318
459761047
460393945
460703623
461361283
46177415
461995403
462391282
46248693
46301028
465305830
46555048
466410609
46732451
46735883
46759907
46782848
469404940
469682034
471711986
47224957
47256485
473296230
47348032
474186127
474338346
47436444
47450755
47519618
475472931
476751620
47681517
47694950
47709527
477407746
477669944
47804010
47808609
478529974
479158268
479672577
480216435
48028397
48030095
4805021
480956758
482421537
4829901
48391651
48431031
485166217
48529709
48572412
486507374
486578816
48688852
48747910
48839631
489050391
489891687
489995785
49085157
491816094
49197752
492463980
493456371
493461293
493761269
49378524
49405408
49413866
495430242
49554600
49732068
498880334
499202157
49921442
499254364
500781898
500870039
501235004
502156060
502187092
502293660
502371893
50278913
50282942
50311622
503435438
50437850
50460239
504689193
505739964
507443774
50764331
50776395
50867710
51172067
51211654
5124341
512552268
512566966
51518286
515978659
516804896
518531740
522389674
524854462
52527801
52552341
526038044
527119125
52775764
527838270
52848021
529564619
53100960
531173313
531291707
531497078
531542029
532089505
53246092
5342172
53472182
534851357
535678137
536584073
536960317
5380672
538433687
538931324
5389812
539354651
539710656
54040091
54261985
54269568
544570753
544916703
54647531
54667170
5469862
547201590
547396691
5475502
5483462
549389105
550421453
550507181
550586865
5509802
551600672
551635697
551940798
55195514
553434085
554978561
555555674
555561981
555602470
55641354
55653233
55677993
556842875
557847059
557954087
559676803
56022402
56234246
56268178
562734974
563020579
563979752
564111913
564766309
564809652
565030282
56528336
566786511
567216739
567275908
56790167
568416032
56845904
5693882
569394440
569632125
5704832
5717402
57190069
573264859
57407427
57449080
574648341
575476819
57652640
57761349
5780322
57852279
578680755
580153490
5804172
582772973
58313935
583611951
586987832
58805656
58826916
588559501
590330022
591455277
59150963
591515997
59191679
592032530
592741502
59275999
5931692
595961787
596746885
596895377
597369289
597910333
59929905
600211454
600786827
600943290
601111593
60214236
603214723
60330282
60351341
60498250
605923
60682505
607311335
60959947
61098759
6112572
61226195
612566048
6128392
61419752
614442547
614541354
6146692
615051242
615092754
616497788
61705946
617811327
618710934
619286568
6204
62084283
621111679
622384050
622519917
622958632
623519862
625043924
62624537
6264412
628230869
62827219
62845081
62875575
62887919
63046977
631324648
631724967
632020548
633287684
634012094
63489503
634935952
6358792
63769547
6408
6426682
64304357
64315514
65086004
6510972
65165822
65545939
65682751
657693
661613
66263191
66324812
6655372
66656506
67018390
67097441
67228387
67389933
67503368
6751212
67565990
67673600
67972264
68168466
68307446
68311874
68320920
68815924
68900701
69007045
69180371
69509600
70213525
70338236
703519273
703627689
703769556
70438872
705160146
70613549
70900602
710278115
713671579
71462738
714688470
714894302
71526232
716338951
71658533
716988493
717220568
71735887
71738919
7178502
718371974
722546894
72430457
7277852
728754013
72957895
730356338
730830312
7318222
73256190
73396217
73409492
73438350
735995665
736593775
736871082
737230328
7382162
73855830
74170030
74181714
742161864
7429152
74362485
74541791
746122261
7466622
74747679
748615879
75034719
750554018
75098355
7512932
75170966
75374962
75581784
75644114
7573792
759826807
760056319
7604462
76155841
762329142
76348185
76439489
764932045
765548
76623486
76897816
76960469
770148236
77028295
7712722
7722082
77298821
77343214
774035245
77614890
776475632
778959438
77953962
780744715
78111633
78397690
784726657
784988822
7852612
786491
78694388
787372376
78937630
79106433
79204815
79615410
79766363
7985672
79917460
799712594
79995404
80100376
80149181
80190020
804546595
8059572
80750540
80821344
81138450
81210122
81390091
814011566
817083
818340
8190722
81995523
820094144
82019507
821228
82147443
82150814
8225262
82267412
82368523
824030442
82570768
8260242
82893084
82897325
82991600
831818282
83197636
83204561
83205848
835504622
83695231
8373852
83742516
838004270
83820677
83910284
8392632
83932102
83945491
83958165
83975759
839859264
840751
84117740
841791
84198293
844421130
845327594
846003804
848327030
85225143
8523372
85323004
85455054
85614099
86084666
860889672
860921
86222784
864878474
865622395
86564461
8705962
870610400
870833684
8714762
87250257
873228499
87461765
87500545
87876498
87979232
88155251
881841
88322355
88373269
88404360
88686451
88760162
88777459
889020528
890299560
89077041
89238139
892438868
89249164
893689062
89377674
89408660
89544583
89558008
89605259
89622334
89742503
89757684
89774491
89798855
89817705
89819301
89889117
89893163
900155581
900465734
900686060
9011772
90176262
90325682
90545097
90739902
90809182
9087602
911449802
91176063
91197078
91300887
91414105
91802307
9181372
918425318
91867601
92037272
92067986
921092702
92109969
92119207
9258622
92795660
927957073
928402476
932442318
9329632
933314060
935037548
93531228
9358742
9362492
93684001
938403475
940594316
9409552
94154702
942034800
942743238
94280289
94534890
94583224
94610070
9464552
946489602
952794967
952868630
954150474
95478440
95507380
95582656
956348750
95797848
959620009
960127206
961661839
961892096
9639352
96462411
9659842
966536274
96790243
96797376
968418181
9689982
96915864
969332580
96967674
96969501
972671288
973305612
9737262
97455116
97487983
975633115
97719079
97906643
979840747
9805662
98059243
98427091
987121
98739943
991287132
99220395
993685004
99390322
99428558
996191
9965842
996879032
99693180
9977902
998226056
99873599
