1284346260
452521774
199418313
126578626
2395940738
292302015
2205921
22902732
59191679
1581276074
2507638548
453119983
502187092
20334773
3106301221
538433687
14632278
28357827
390905408
2131611
323910532
15740084
31128285
78937630
2312225988
259674489
2981431
2200479902
151180545
374619697
2258226686
1645877065
1887776006
502156060
72430457
16629994
1390423160
299188341
85225143
730830312
2307675307
9639352
160032821
2997635012
893689062
26249682
352729247
359664985
11617432
174363444
119902519
41400882
75374962
1620886764
2528164532
91867601
18393495
325776066
21218554
180706419
14063566
17846958
531291707
76348185
255627525
46555048
5483462
147758495
77614890
214699642
208591186
2542812116
167243609
814011566
25548253
16740346
417492383
18958303
2338816418
935037548
918425318
547396691
482421537
324049844
61098759
33144167
50311622
35854297
40968961
322906792
16419323
2732828079
515978659
18931823
5469862
44552918
2217687841
302909473
536960317
209232713
2285240748
2319064027
250287517
2730017576
1895019655
459402318
242374061
294161834
932442318
36977002
20801787
10441362
120484650
4805021
92037272
114533885
3018841323
438485111
900155581
1105875901
358424624
191461969
18220106
224378515
342845547
170444161
2929506926
21240991
7573792
326765390
279172748
96462411
19240439
1735163995
860889672
998226056
3230690959
2834890306
118739671
703519273
1467891620
405380241
1115150592
234455988
252663120
47808609
1914661783
18780225
1135921448
759826807
26157070
17915280
2167421661
126189374
1360811516
262884911
2315838410
19517509
46248693
21713505
1065323580
14178648
316181803
20964111
2277530600
225137255
13124352
394534362
618710934
15346798
106513390
108369378
39696132
319093046
1014567630
134132113
409542079
102100430
824030442
291798946
367080962
2249227634
38524637
16095025
288766767
1511433534
343528629
1138123734
2171225479
224019635
1689292764
14338766
36960454
427032343
516804896
67228387
18481673
619286568
83695231
116071626
18991369
2152778630
101645976
155398825
19411733
215221022
15326343
367240657
369086848
12841202
2926594259
1880526858
260116688
22389970
104313256
574648341
24939473
15384731
969332580
267390486
16517706
279713637
26412800
3158019872
337716648
1677006018
37938822
15823641
189996459
43406369
18648358
8392632
144892029
15361570
345094441
36190699
117506064
153550926
2856213619
137623241
18625698
265610739
295143338
130854883
595961787
31221705
266762269
2396437530
172407147
376618837
14093414
285231116
355535460
184391585
14621493
18788629
19602299
223268896
145460854
28932982
374192630
361019407
73256190
559676803
1431126888
1197830070
3089038623
37364014
146482044
2899307236
1621733510
3080213001
260119420
151585245
116493280
257150435
15318467
151553777
18831358
14092380
1447641
222342676
45338274
14075441
20779271
845327594
330857776
14904688
45547359
14157394
287965778
230244082
119609619
246588952
1162620122
3094987877
171864772
52848021
1950872168
158482773
314486076
23288057
25112405
16565628
96915864
750554018
411193206
70338236
16500498
53100960
3131863884
14110325
17786104
1345946551
17841268
26366875
1190966953
3066841145
14111434
1849621796
312219977
10913042
1398261
5780322
72957895
189918436
56528336
436145822
208174510
143784646
182546030
21373526
24200201
5124341
4829901
16492344
171816811
416553025
993685004
147332634
45756611
38188068
170977392
1683377312
20857563
27967896
192860697
9362492
534851357
246964473
221670039
71738919
612566048
20576602
3554721
3019681329
16638708
237597245
29613873
786491
313694391
16608649
16560379
7277852
555561981
17908809
489995785
259405983
1488584898
60351341
240455986
661613
22527743
95797848
2727184616
6112572
2892290399
163407287
165948314
298551966
172388861
9965842
221704824
2707099338
24998062
17200003
150106478
538931324
52527801
927957073
198908604
889020528
479672577
3233351260
127710547
562734974
79204815
25696968
144308068
780744715
20642645
265480882
6751212
1031761969
47694950
85614099
67565990
293645988
83975759
260803483
364690364
267171727
17501014
47348032
24567812
17828777
300875983
17783041
21343176
2547320401
615051242
2295092294
3219018920
214272214
532089505
102142142
31256717
232455886
1733264245
312190802
125378707
2293776739
184249800
17212704
2233059326
1152572984
2416206236
41226304
2244994945
10088102
69509600
184241690
232683533
295441810
2696189035
2467790713
190891190
2533081248
942034800
376288940
156031097
26236744
384650167
841791
211621417
345160608
730356338
453348275
14840757
239673235
194579890
205359919
287533200
271543291
329803936
616497788
954150474
363507044
18398051
1335135524
156930731
2891423524
16441758
11369702
215808690
360097818
9689982
305459531
531173313
5509802
6264412
10209742
1320453043
221131215
223269854
356234014
83204561
89757684
48391651
2259125179
62845081
280847315
14688124
178157297
15181256
2288720036
261952641
60682505
248651245
3167735132
17513031
34451899
43170560
22059922
197963816
13914392
2523606727
116038162
2474124842
10192452
12895822
736593775
14925432
38240763
16731918
9011772
160246766
2646520322
18857479
1704585511
24416813
86564461
19242166
9181372
1503475879
27963917
596746885
227827890
174372602
148104970
81390091
18177223
209168612
2798373536
1905348541
310616113
555602470
14185417
15370528
31336151
946489602
439174042
14193204
275492728
28592775
15997456
1142941
865622395
14738568
14398980
2343198944
2316703898
171521360
1730035190
2463528836
76439489
246127221
21166130
10279412
155106968
14579415
1542629491
40284074
128622398
267079456
1323816074
136041145
39239791
13771392
355752488
407376090
921092702
4380901
459761047
176513750
2178348182
147294687
565030282
40063676
326245910
223592107
38769464
27020339
361970162
16563166
21828867
56234246
93684001
284383088
21314469
82893084
35375768
12913902
568416032
406541064
137465077
14056365
163729878
31899945
34272864
171072349
14835425
466410609
274712149
24765055
603214723
205128360
97719079
223893290
14616690
247135296
69007045
250438616
352451627
2725663056
111098433
405967905
1024947956
101960704
78111633
14869810
14995034
216990529
22051483
193058826
98739943
14238738
191263072
2209461883
110480682
2406751364
16121039
3246388663
1549674630
2885619190
243693485
16606208
3131680294
67503368
498880334
16468500
2729179244
264850782
174279917
450740565
90325682
14729674
83932102
10909142
100802690
76623486
15212909
23523753
45054905
13027572
14067468
262900761
15020401
531497078
66263191
2408900384
2385674347
332395738
19028249
1135454882
80149181
245272138
108968762
19681900
942743238
3105053798
164130353
14504451
9659842
547201590
17970051
1435548554
536584073
372880287
26609772
960127206
20449367
31412515
36370775
120161415
267174701
778959438
77953962
332280139
314844538
256573686
20745730
50282942
124186068
20827869
2566358196
36411238
1265520697
73409492
185411247
41654311
280607792
246499407
264927892
17347849
1033424946
933314060
2696472218
45747766
16973213
19371845
130241111
57852279
36409752
456885886
88686451
168532759
280586684
357375492
103750901
2777103822
302577758
78694388
107805321
502371893
2882869255
109621617
21456614
22965779
109027667
219045313
151083037
20432953
397391724
18949610
260473496
550421453
28496167
281413217
3190032900
68311874
57761349
89798855
2547543840
439871945
567275908
109755545
91802307
2938216814
17079099
205277586
2157209332
213716853
233620364
2335964803
298715745
118213068
573264859
1605247082
14161419
175187944
15465796
236637688
95478440
7178502
177078313
378339865
1653930984
374272759
15323504
15909478
15484063
19301681
33676675
399458342
150789791
2174619534
19560605
19124313
987121
15345359
166102191
952794967
2728946784
582772973
185322284
339299822
229523
2514007962
429209404
3097357427
99873599
5704832
2835577258
223179295
2307462081
43652382
26930822
169188967
20787159
110750123
31300038
74541791
622958632
166463963
37263734
1862351
89377674
321783243
86084666
245851959
16562200
15784609
11437862
839859264
283203520
11492082
205360168
1236775772
14717846
2168215508
57407427
15932697
2557291584
6128392
1322926080
94534890
109991061
479158268
33518345
19304217
1307820626
253175613
495430242
3011761969
47436444
262156988
549389105
178537877
2437421216
257513026
831818282
817083
125772974
16899568
71462738
491816094
10725122
3042091320
80821344
242115206
1092700057
105020914
34030287
2228544961
2635664806
41175010
2933968603
187257335
13373932
216042017
14604269
14114725
119438275
30849056
2180569838
89408660
34314009
2320773038
277586483
102561659
474338346
24663013
1350192474
22178537
2768966262
71658533
192677115
1618305902
499254364
39048008
83910284
18907386
20552026
113395743
432943950
363178296
258669065
1461347160
32094010
279687071
535678137
15584852
14207040
383381614
17141620
2528430601
14105083
133038056
15923189
3225511
302471401
136968746
12919072
200611750
544916703
163595125
27965660
6408
166319537
143728494
105170669
213320496
195184736
2704577562
2437916851
30719596
15158003
37320657
2218685317
557847059
310394408
378312867
48431031
384149681
3026946125
1674919843
57449080
55677993
22804909
16893612
74181714
132261860
28695683
16809160
20541341
2717761
388517375
3092553416
2850684228
39408199
201629134
85323004
224785380
282391795
253668928
625043924
20322681
844421130
60330282
1978859582
1337202924
224418500
230098046
309211400
563979752
527838270
65682751
16620971
51172067
348859972
2640147088
14124289
258400748
55641354
337716213
199021634
2502437678
16282560
138797934
30269531
100136252
252925425
80100376
1371790790
2521306406
34573712
3098766341
478529974
36012050
2370495894
190364863
20520190
7512932
16227325
87979232
16810985
390284285
17662366
350310519
2914302584
213351208
1970767632
267425302
2981337146
26594410
50460239
31805620
2482783004
1113171
