111138698
82147443
32090130
428700788
563020579
14614705
2321264102
78397690
244199680
381185821
42884936
184916555
492463980
586987832
322844006
82019507
3000741953
130920343
101304347
16653851
20023537
208603838
205808564
82897325
116830375
256203095
21867405
2573521763
14325709
21116781
182559614
18964016
243570523
23407929
234657229
82368523
377491711
109083263
226334380
2704878090
268442948
2459744137
45862367
512552268
634012094
167555564
49085157
555555674
3075470880
203641140
14813068
27044209
486507374
68168466
3175401513
23641922
703627689
623519862
20508214
1650684756
234116222
2905248879
169200555
5931692
19343385
128717738
88404360
529564619
2329101175
2424285702
330740367
258628572
457015092
325675516
49413866
51518286
33594340
1317675848
22057037
394816755
106142992
524854462
83820677
784726657
461361283
69180371
321666686
269390145
462391282
2745341114
14622946
99428558
210271992
148125292
106219550
146772580
204055950
63489503
1335198656
5804172
2391346015
2382763597
500781898
314085817
41162766
246733213
248507370
15370553
21257458
244259581
124207682
14763983
80750540
454306362
18013387
96797376
24275193
70438872
522389674
2405059075
22322032
2530524727
214645964
14135039
770148236
88777459
403070695
1449182713
14404413
3070227176
59150963
36891170
280319660
213864163
91300887
26262944
29107209
15136825
267978027
20993209
99220395
388536456
6146692
1498855561
406928889
1633057740
22957651
53472182
820094144
3344508016
211772557
367180086
16566994
2589844891
228202497
539354651
2239373863
441445921
2787143400
75034719
212258561
77343214
890299560
18608036
1139893754
29357701
578680755
22529911
107484294
1877896046
370491825
106535653
900686060
15135244
2185106238
73396217
92795660
240308956
564766309
16613227
298899556
35865237
104902339
17508330
3637891
1140451
214375083
150812624
1535090815
3033970941
765548
486578816
73855830
1262544618
9977902
5389812
103114718
15313098
2951526360
621111679
569632125
245254020
28713040
10046422
386063949
3176749751
380612324
588559501
8714762
207605713
22328142
18990612
34731203
3035266795
237330000
355016568
14174897
14249445
8260242
370018809
94610070
104282122
54261985
3043668994
1688889350
405258290
16686530
16927718
15216569
14522630
742161864
16440035
3079875269
575476819
2390137219
239867889
5380672
1154623939
1494655406
118496015
1169321744
24568531
67389933
1711802612
377465366
762329142
1675727534
550586865
36801473
24736901
20573283
116205344
3196587252
20424319
350251184
70900602
90176262
16491040
289550326
286329956
259911431
235263625
493761269
246083203
111152521
2183231114
1597424371
728754013
10200262
835504622
20076186
29767584
240723622
17016591
189012139
313301347
20522288
297788421
88373269
201530464
14370184
15078400
972671288
293094031
33370227
331186176
17161587
1587648798
2297676602
449265699
38533053
2789195702
2768778024
13773872
320962032
50278913
82150814
31479442
2952426258
19239673
429513910
591515997
18799499
12772092
821228
16204483
373406315
194816967
2292356777
144303188
103932985
1465814558
83205848
155082928
471711986
252999945
286216955
247893569
71735887
1968678240
208743312
1104394333
14799178
111651086
394268535
2340989497
35197238
89077041
631724967
1363652774
155628933
20707999
137429633
32983170
1747401553
178449195
199414707
1226829734
16510775
71526232
50867710
14352430
2950704844
1444531010
2466742056
90739902
395447939
15869364
35704105
225067516
2330710330
1337362374
2602195916
176540776
1202585773
718371974
14118775
601111593
9805662
97455116
284718050
2458587186
14241390
2975725181
1527625094
17181268
2360882965
485166217
429800217
17290339
15084888
3236565574
366276122
2924848159
337815486
256101102
17643658
275572129
154613781
3094721181
188131343
49378524
67972264
90545097
17991939
2392618801
43356293
15738138
174287388
196929409
94583224
250719342
460393945
54269568
130650278
15070454
9464552
1101931087
2327091247
339890251
18695655
17491445
3331136669
143592749
62827219
1145952974
1736508523
290615540
14962805
3192402548
268134716
940594316
130803295
21425450
228801089
102200376
87461765
61419752
104381372
9358742
14195463
996879032
35548993
596895377
176816005
3100230334
614541354
57652640
16240558
124556472
58826916
58313935
15439572
17027073
231513527
1136130536
818340
1219812626
321491195
15097889
367693
23085343
237534921
600786827
61705946
307879075
38215308
65545939
714894302
16018961
18271011
952868630
38199764
88322355
512566966
16162978
41125108
438476435
197370637
16313592
385248119
32153995
89889117
1555265425
229750600
748615879
28285926
14549208
63769547
237124604
454484422
2511334092
2564429324
774035245
65165822
21216071
7429152
308226281
48028397
456821922
19440352
9329632
320246126
255832172
62887919
279065518
308237490
377018652
68900701
19895666
40276338
38502892
261968168
303625814
1058651742
117836437
446369516
188519315
153849038
16132066
335315553
74170030
83742516
75644114
737230328
2485729651
2281279532
280795938
189020152
14304173
226645642
27558636
113243545
24228154
15330301
1877565270
395567768
198771227
283701763
331212345
722546894
87876498
975633115
784988822
15182139
9258622
37676258
219426401
423477279
15159669
16102007
15399350
25643201
580153490
60214236
38502777
1464545792
31526497
14121628
9409552
2671028978
15618137
1901617196
47681517
1728963602
143011147
14313383
2467066501
11010622
14592049
2351858767
114568557
717220568
551940798
68307446
3003400612
21908873
123971317
1031944087
249022028
99693180
384159729
88155251
39465431
79106433
19396844
22659609
285620321
182272991
14182821
2179895920
3255699660
22256645
7722082
15492507
189094349
26160198
116561538
799712594
37010284
2592016867
2932673498
169352705
16131037
502293660
911449802
631324648
15092791
217090540
2613261414
34601770
16547142
340242672
305880207
34861826
321147235
45614792
232400826
347602644
218966082
38875338
1264487023
605923
56022402
105530526
3261192462
40880151
62624537
938403475
191881317
15518019
76897816
34819751
259008726
47709527
1876503085
17259201
716988493
294823261
128217935
253207647
13418892
55195514
90809182
1657316904
100035760
228925627
13486
966536274
145560173
352554499
201628562
870610400
14630852
1416212642
2665601
14263288
237079697
1541554333
2306579816
18549481
75098355
25839294
14518666
245178953
7466622
493456371
17091682
597369289
3337441
40608230
2802756242
235822432
129900987
77298821
3119435352
386035729
115063037
91197078
3245339241
14847675
73438350
2674808767
36102105
14054448
566786511
21792962
139704996
7604462
395629947
43370652
41204968
46177415
1173431
154263592
62084283
206682910
370503879
37806465
15388148
531542029
182711162
583611951
21613337
321164722
92109969
569394440
4366051
388838377
2941331157
431191564
2382366097
1042647775
1569208795
56790167
2413040138
134203733
22922864
2336729530
12542952
17243750
208214002
273211603
18497829
16561212
553434085
13483732
208661236
196293428
34572563
34270918
259972535
173945754
1682326044
47804010
607311335
184543773
17773853
19774652
634935952
20963651
331826791
881841
503435438
255565405
10628142
431075304
25993310
2906054507
17748026
304147453
1860650810
16587559
23881072
17271117
38466284
41407875
168922339
241079136
2889244030
220233879
1640134892
49554600
282168978
846003804
156379080
421336284
300389989
2648749436
204750852
10672402
286371729
221792543
15905608
2294149998
16402663
746122261
1008095316
1120585722
175869187
229608463
54040091
164055753
30008429
222230117
142947296
20266411
29526276
123053922
43186378
1705726250
1104947582
76155841
2964584867
37836873
66656506
18703111
1253761873
1098573000
15645643
7382162
76960469
374039791
14420872
14107603
19746393
340095020
24938703
159849348
75170966
21690816
22888677
130372749
156322119
19664267
1593615168
117595728
23534213
263052644
2410173569
41986058
102806341
628230869
27763390
1128440924
16193216
407999864
89622334
2905520937
714688470
1862439649
19102884
347391959
2759062400
20749408
89817705
133372581
125301562
46782848
499202157
2334394580
892438868
489891687
24566098
14288890
385195745
95582656
391638510
253004627
2337369206
1416394286
3178192822
32982252
3175753940
407179857
221201413
477407746
50437850
30314992
21540436
95507380
2157342139
74747679
3119803632
34944596
89893163
153151306
197864821
15751875
16593932
206318580
2832519378
205898168
3099412982
167346791
54647531
48030095
180952639
355067682
21872782
238299103
365949960
86222784
52552341
163999320
419639256
91176063
3010908809
33021828
83945491
1636515062
24636302
417837433
393819809
24990691
246061886
16112329
18754766
43656793
461995403
48747910
5717402
44427667
369245823
21308466
170062661
760056319
20546242
87500545
49197752
408623049
873228499
996191
15847059
39813666
210684204
339250738
208789178
163625176
342379210
1167666618
148398537
304489916
18425654
347331871
10861172
10129972
51211654
82267412
764932045
35546882
25582760
2955568979
34494124
2235119491
16203586
15065201
46301028
89742503
14316789
19979252
5475502
3087650653
58805656
1441253784
99390322
118514500
2345651
25165065
33406542
3139240146
41933186
18755179
55653233
2838962553
1177047362
49732068
109933758
15135354
2338948579
97906643
57190069
2344859797
713671579
4575681
14253503
1849106906
43194865
343994037
309989273
237738099
342105615
18486038
2025101
8373852
7318222
187862419
323616054
413239583
381746032
3071013059
507443774
736871082
159356226
67018390
130213946
3946301
2358975933
88760162
235649347
2397317804
340611224
19489341
2812806481
959620009
420117089
259841086
590330022
1621220348
141352426
223539331
438766249
21092240
15161638
70613549
251247618
11032262
17541565
15792969
96790243
554978561
98427091
44690011
81995523
17890015
539710656
155219478
2205976656
480956758
2999201262
